"Sample" "TajD" "WuH" "numSNPs" "nbSyn_0" "nbSyn_0.1" "nbSyn_0.8" "nbSynAllSNPs" "nbNonSyn_0" "nbNonSyn_0.1" "nbNonSyn_0.8" "nbNonSynAllSNPs" "pnps_all" "pnps_low" "pnps_int" "pnps_high" "nbBen"
"1" "EPIC_0001" -1.20869367791754 0.711655750947906 57 14 1 0 15 41 1 0 42 1.375 1.43333333333333 0.75 0 7
"2" "EPIC_0002" -0.646466090578009 0.508237493086836 3 0 0 0 0 3 0 0 3 2.5 2.5 0 0 0
"3" "EPIC_0003" -0.596566610641755 1.03696587032527 7 2 0 0 2 4 0 0 4 1 1 0 0 1
"4" "EPIC_0004" -1.0132991466329 0.897765027298361 12 2 0 0 2 10 0 0 10 2 2 0 0 0
"5" "EPIC_0005" -0.743811202024836 1.34608986739312 19 4 0 0 4 14 1 0 15 1.7 1.6 1.5 0 2
"6" "EPIC_0006" -0.587197559183922 0.728452418156322 4 0 0 0 0 4 0 0 4 3 3 0 0 0
"7" "EPIC_0007" -1.07444048447997 0.657048148986059 9 1 0 0 1 8 0 0 8 2.5 2.5 0 0 2
"8" "EPIC_0008" -1.09692238204997 0.79766467801618 12 4 0 0 4 8 0 0 8 1 1 0 0 1
"9" "EPIC_0009" -0.841952314207434 0.847473987974314 8 1 0 0 1 7 0 0 7 2.25 2.25 0 0 1
"10" "EPIC_0010" 0.0759638708400115 1.52038381684666 16 5 0 0 5 10 1 0 11 1.08333333333333 1 1.5 0 2
"11" "EPIC_0011" -1.4897621443017 1.17443451841423 80 26 0 0 26 54 0 0 54 1.03703703703704 1.03703703703704 0 0 6
"12" "EPIC_0012" -1.11798926322067 0.673327753564176 10 1 0 0 1 8 0 0 8 2.5 2.5 0 0 2
"13" "EPIC_0013" -1.17652149235117 1.02449373402068 21 7 0 0 7 13 0 0 13 0.9375 0.9375 0 0 0
"14" "EPIC_0014" 0.617366326201059 -1.77006024003582 7 1 0 1 2 3 2 0 5 1.16666666666667 1.25 2 0.5 1
"15" "EPIC_0015" -1.31207491814863 0.72602587839034 16 6 0 0 6 10 0 0 10 0.857142857142857 0.857142857142857 0 0 2
"16" "EPIC_0016" -0.254031546439394 0.618713324655736 11 1 0 0 1 9 1 0 10 3 2.75 1.5 0 3
"17" "EPIC_0017" -0.19518393086873 1.21391699843027 14 1 0 0 1 11 2 0 13 3.75 3.25 2 0 1
"18" "EPIC_0018" -1.05860567084477 0.676670403531209 9 3 0 0 3 6 0 0 6 1 1 0 0 1
"19" "EPIC_0019" 1.26947782057434 1.1545701431684 9 2 0 0 2 4 3 0 7 1.5 1 2.5 0 2
"20" "EPIC_0020" -0.239164880294091 -6.07111717740563 7 1 0 1 2 4 0 1 5 1.16666666666667 1.5 0 0.75 0
"21" "EPIC_0021" -1.56101751979736 1.12659052596017 92 28 0 0 28 63 0 0 63 1.12068965517241 1.12068965517241 0 0 7
"22" "EPIC_0022" -0.723595113581313 0.704795283028221 5 1 0 0 1 4 0 0 4 1.5 1.5 0 0 1
"23" "EPIC_0023" -1.18855890993317 1.1274523391102 27 8 0 0 8 17 0 0 17 1.05555555555556 1.05555555555556 0 0 1
"24" "EPIC_0024" -0.517159928344081 1.02020213135224 6 2 0 0 2 4 0 0 4 1 1 0 0 2
"25" "EPIC_0025" -1.06445764811126 0.791335299081171 11 2 0 0 2 8 0 0 8 1.66666666666667 1.66666666666667 0 0 0
"26" "EPIC_0026" -0.851748726826779 1.11558366935058 18 3 0 0 3 13 1 0 14 2 1.875 1.5 0 0
"27" "EPIC_0027" -0.357646107574072 1.23825585481422 15 4 0 0 4 8 2 0 10 1.2 1 2 0 2
"28" "EPIC_0028" 0.264649488405316 1.09779148626848 17 5 1 0 6 9 2 0 11 0.928571428571429 0.916666666666667 1 0 1
"29" "EPIC_0029" 2.5363306880014 -1.09468822817762 1 0 0 0 0 0 1 0 1 1.5 0 1.5 0 0
"30" "EPIC_0030" 0.633701649520669 -1.84048505511482 3 0 0 0 0 2 0 0 2 2 2 0 0 0
"31" "EPIC_0031" 0.721796896687852 -10.6294170253024 3 0 0 1 1 1 0 1 2 1 1.5 0 0.75 1
"32" "EPIC_0032" -0.195394174973279 1.155885439911 5 0 0 0 0 4 1 0 5 3.5 3 1.5 0 2
"33" "EPIC_0033" -0.435567921132627 0.265003393589959 1 0 0 0 0 1 0 0 1 1.5 1.5 0 0 0
"34" "EPIC_0034" -0.880277326754412 0.525850016098651 5 1 0 0 1 4 0 0 4 1.5 1.5 0 0 1
"35" "EPIC_0035" -0.112062096413182 0.620719265297078 1 0 0 0 0 1 0 0 1 1.5 1.5 0 0 0
"36" "EPIC_0036" -0.0128332426614837 -0.837281398633211 7 1 0 0 1 5 1 0 6 2 1.75 1.5 0 0
"37" "EPIC_0037" -0.443579101653408 1.11298987756331 6 4 0 0 4 2 0 0 2 0.4 0.4 0 0 0
"38" "EPIC_0039" -0.586718521216363 0.378050880614709 2 0 0 0 0 2 0 0 2 2 2 0 0 0
"39" "EPIC_0040" -0.437061873842278 0.546204050892243 2 0 0 0 0 2 0 0 2 2 2 0 0 1
"40" "EPIC_0041" -0.544763553853761 0.139980206310491 1 1 0 0 1 0 0 0 0 0.5 0.5 0 0 0
"41" "EPIC_0042" -0.156957214133695 0.828210498843672 2 1 0 0 1 1 0 0 1 0.75 0.75 0 0 0
"42" "EPIC_0043" -0.758627654486758 0.38319881073952 3 1 0 0 1 2 0 0 2 1 1 0 0 1
"43" "EPIC_0044" -0.261414032948587 -4.34873918814511 4 0 0 0 0 3 0 1 4 3 2.5 0 1.5 0
"44" "EPIC_0046" -0.0794674545381227 1.22895423661344 4 1 0 0 1 2 1 0 3 1.25 1 1.5 0 1
"45" "EPIC_0047" -0.747572322010238 0.395698822298676 3 0 0 0 0 3 0 0 3 2.5 2.5 0 0 0
"46" "EPIC_0048" 0.685110884933526 -2.53219720008555 3 0 0 0 0 2 1 0 3 2.5 2 1.5 0 0
"47" "EPIC_0049" -1.02145062640862 0.75341670444173 10 2 1 0 3 7 0 0 7 1.125 1.5 0.5 0 1
"48" "EPIC_0051" 0.820619975364153 -3.08283429166702 4 0 0 0 0 2 1 1 4 3 2 1.5 1.5 1
"49" "EPIC_0052" -0.606933377955935 0.0677708592201509 1 0 0 0 0 1 0 0 1 1.5 1.5 0 0 0
"50" "EPIC_0053" -0.519414383033738 1.04463981343626 7 0 0 0 0 6 1 0 7 4.5 4 1.5 0 4
"51" "EPIC_0054" 0.888157214772552 -9.55691922896399 3 0 0 0 0 1 0 2 3 2.5 1.5 0 2 1
"52" "EPIC_0055" -0.00479428400738537 -4.82862418502694 3 1 0 0 1 1 0 1 2 1 0.75 0 1.5 1
"53" "EPIC_0056" 0.160392154087022 1.32844461176985 6 0 0 0 0 5 1 0 6 4 3.5 1.5 0 1
"54" "EPIC_0057" 0.579671008920878 0.470052697567445 15 0 0 0 0 11 3 0 14 8 6.5 2.5 0 1
"55" "EPIC_0058" -0.47674141363839 0.218137940355068 1 0 0 0 0 1 0 0 1 1.5 1.5 0 0 0
"56" "EPIC_0059" -1.06772613720717 0.51186109080875 7 4 0 0 4 3 0 0 3 0.5 0.5 0 0 1
"57" "EPIC_0060" -0.139177065755458 0.591808296926374 1 1 0 0 1 0 0 0 0 0.5 0.5 0 0 0
"58" "EPIC_0061" -0.818270897447759 0.314830712576966 3 0 0 0 0 3 0 0 3 2.5 2.5 0 0 0
"59" "EPIC_0062" 1.86000191799533 0.589539526718184 7 0 0 0 0 4 3 0 7 4.5 3 2.5 0 5
"60" "EPIC_0064" 1.30351837614797 0.104767031783393 6 0 0 0 0 4 2 0 6 4 3 2 0 1
"61" "EPIC_0065" -0.147748375424814 0.854996411837107 2 0 0 0 0 2 0 0 2 2 2 0 0 2
"62" "EPIC_0066" -0.765082069793387 0.376117853599143 3 1 0 0 1 2 0 0 2 1 1 0 0 1
"63" "EPIC_0067" 0.854687774213018 -6.6212202957465 4 0 0 0 0 2 1 1 4 3 2 1.5 1.5 1
"64" "EPIC_0068" 0.217272942946711 0.841041777191849 6 4 1 0 5 1 0 0 1 0.25 0.3 0.5 0 0
"65" "EPIC_0069" 0.137033776251855 1.68841528381468 7 3 0 0 3 3 1 0 4 0.75 0.625 1.5 0 1
"66" "EPIC_0070" -0.669531610042615 0.866529984232789 6 3 0 0 3 3 0 0 3 0.625 0.625 0 0 1
"67" "EPIC_0071" -0.358898945276639 -4.4181014280823 4 0 0 0 0 3 0 1 4 3 2.5 0 1.5 1
"68" "EPIC_0072" 1.32074771965449 -1.52369610026872 9 0 2 0 2 5 1 0 6 1.33333333333333 3.5 0.5 0 1
"69" "EPIC_0073" -0.0617167842139985 -5.18932514566131 3 0 0 1 1 2 0 0 2 1 2 0 0.5 2
"70" "EPIC_0074" -0.0767276203688673 -0.746626885177302 6 0 0 0 0 5 1 0 6 4 3.5 1.5 0 3
"71" "EPIC_0075" 0.69546223840076 -1.44198186934774 7 0 0 0 0 4 2 1 7 4.5 3 2 1.5 2
"72" "EPIC_0076" -0.12931293071052 -2.16406581547748 5 0 0 0 0 4 1 0 5 3.5 3 1.5 0 2
"73" "EPIC_0077" -0.9046749013113 0.372758999800475 4 1 0 0 1 3 0 0 3 1.25 1.25 0 0 0
"74" "EPIC_0078" -0.671204033825289 0.281648734121803 2 0 0 0 0 2 0 0 2 2 2 0 0 0
"75" "EPIC_0079" -0.576242131456267 0.103509452976189 1 0 0 0 0 1 0 0 1 1.5 1.5 0 0 0
"76" "EPIC_0080" 0.368422882060462 -6.17350943743847 2 0 0 0 0 1 0 1 2 2 1.5 0 1.5 0
"77" "EPIC_0081" -1.02372802741628 1.06458998416166 17 7 0 0 7 9 1 0 10 0.75 0.6875 1.5 0 4
"78" "EPIC_0082" 0.797734103538622 -3.20441665801495 5 1 0 0 1 2 1 1 4 1.5 1 1.5 1.5 2
"79" "EPIC_0083" -0.147541384059629 1.86520428449449 17 1 0 0 1 14 2 0 16 4.5 4 2 0 0
"80" "EPIC_0084" -0.193327719799391 -4.13016241527461 4 0 0 0 0 3 0 1 4 3 2.5 0 1.5 2
"81" "EPIC_0085" -0.370329052333247 0.949275542967738 4 1 0 0 1 3 0 0 3 1.25 1.25 0 0 0
"82" "EPIC_0086" 0.420207317012078 1.14879993342276 1 1 0 0 1 0 0 0 0 0.5 0.5 0 0 1
"83" "EPIC_0087" -0.156478773569438 1.17843886726361 4 1 0 0 1 3 0 0 3 1.25 1.25 0 0 0
"84" "EPIC_0088" -0.308966454326684 -0.751598367562274 13 3 0 0 3 8 0 1 10 1.5 1.25 0 1.5 0
"85" "EPIC_0089" 0.640886356016232 1.6683320664257 3 0 0 0 0 2 1 0 3 2.5 2 1.5 0 0
"86" "EPIC_0090" -0.36685071031157 0.812789936438188 3 1 0 0 1 2 0 0 2 1 1 0 0 1
"87" "EPIC_0092" 0.00742720534393977 -2.76626322067352 6 2 0 0 2 1 1 1 3 0.833333333333333 0.5 1.5 1.5 1
"88" "EPIC_0093" 0.205655986289882 -1.65874579701729 8 2 1 0 3 4 0 1 5 0.875 1 0.5 1.5 0
"89" "EPIC_0094" -0.394498191709915 0.937516204372011 4 0 0 0 0 4 0 0 4 3 3 0 0 0
"90" "EPIC_0095" -0.00912981044001195 1.11929196937711 4 1 0 0 1 2 1 0 3 1.25 1 1.5 0 1
"91" "EPIC_0096" 2.37721527358785 1.9659898026248 6 0 2 0 2 2 2 0 4 1 2 0.666666666666667 0 0
"92" "EPIC_0097" -0.601067868529139 -1.3544732612944 11 2 0 1 3 8 0 0 8 1.25 1.66666666666667 0 0.5 0
"93" "EPIC_0098" 1.28376891926984 2.38756753776324 3 0 1 0 1 0 2 0 2 1 0 1 0 0
"94" "EPIC_0099" 0.461140725391367 1.86048766680025 5 2 0 0 2 1 2 0 3 0.833333333333333 0.5 2 0 3
"95" "EPIC_0100" -0.29216497322742 0.704222734268287 2 0 0 0 0 2 0 0 2 2 2 0 0 1
"96" "EPIC_0101" 0.689708182452686 -0.347862023112114 24 4 1 0 5 12 5 1 18 1.66666666666667 1.4 1.75 1.5 2
"97" "EPIC_0102" -0.436938922647744 0.263448333204215 1 0 0 0 0 1 0 0 1 1.5 1.5 0 0 0
"98" "EPIC_0103" -0.491058959921499 1.42557168371835 15 5 0 0 5 7 2 0 9 0.916666666666667 0.75 2 0 2
"99" "EPIC_0104" -0.237280229180498 0.48577721848303 1 1 0 0 1 0 0 0 0 0.5 0.5 0 0 0
"100" "EPIC_0105" 0.292239832548782 -6.55775225517476 2 0 0 0 0 1 0 1 2 2 1.5 0 1.5 0
"101" "EPIC_0106" 1.08474293870212 -4.80185058056531 4 0 0 0 0 2 1 1 4 3 2 1.5 1.5 1
"102" "EPIC_0107" -0.243440401195875 0.744344648313242 2 0 0 0 0 1 0 0 1 1.5 1.5 0 0 0
"103" "EPIC_0108" 0.372984520710757 1.32154591169694 3 0 0 0 0 2 1 0 3 2.5 2 1.5 0 1
"104" "EPIC_0109" 1.29180166320373 2.1644388773797 2 0 0 0 0 0 2 0 2 2 0 2 0 0
"105" "EPIC_0110" 0.475274459931428 1.37044832957984 3 0 0 0 0 2 1 0 3 2.5 2 1.5 0 1
"106" "EPIC_0111" 0.0891785389799728 1.39381869711359 5 0 0 0 0 4 1 0 5 3.5 3 1.5 0 1
"107" "EPIC_0113" 0.746346857882475 -10.1075972066494 1 0 0 0 0 0 0 1 1 1.5 0 0 1.5 0
"108" "EPIC_0114" 0.628230412677732 1.84092268373424 4 0 1 0 1 2 1 0 3 1.25 2 0.75 0 2
"109" "EPIC_0115" -0.924249574703914 0.586690893127233 6 1 0 0 1 5 0 0 5 1.75 1.75 0 0 0
"110" "EPIC_0116" 0.851695854739445 1.95858791761387 3 0 1 0 1 1 1 0 2 1 1.5 0.75 0 0
"111" "EPIC_0117" 0.0969647980796784 0.837474702787979 1 0 0 0 0 1 0 0 1 1.5 1.5 0 0 0
"112" "EPIC_0118" -0.456480559694754 0.241242080915206 1 0 0 0 0 1 0 0 1 1.5 1.5 0 0 0
"113" "EPIC_0119" 0.910049114718518 -1.10554572054545 7 0 1 0 1 5 1 0 6 2 3.5 0.75 0 2
"114" "EPIC_0120" 0.594204057555624 -1.91987178052306 4 1 1 0 2 2 0 0 2 0.666666666666667 1 0.5 0 1
"115" "EPIC_0121" -0.46405585315563 0.232613278314288 1 0 0 0 0 0 0 0 0 0 0 0 0 0
"116" "EPIC_0123" 1.28322203719803 -1.84775233568469 4 0 0 0 0 2 2 0 4 3 2 2 0 1
"117" "EPIC_0124" -0.587602713443271 0.577180943681607 3 0 0 0 0 3 0 0 3 2.5 2.5 0 0 1
"118" "EPIC_0125" -0.00406480948943451 -5.01015480132647 3 1 0 1 2 1 0 0 1 0.5 0.75 0 0.5 2
"119" "EPIC_0126" 1.39659971704867 -3.74757100227708 3 0 0 0 0 1 1 1 3 2.5 1.5 1.5 1.5 1
"120" "EPIC_0127" -1.20351746164839 0.81166655383326 15 1 0 0 1 14 0 0 14 4 4 0 0 1
"121" "EPIC_0128" -0.556282786559343 0.410530734564562 2 0 0 0 0 2 0 0 2 2 2 0 0 0
"122" "EPIC_0129" 0.0991591058246657 -1.00469633319713 5 1 0 0 1 3 1 0 4 1.5 1.25 1.5 0 1
"123" "EPIC_0130" -0.44166313702336 0.258086981780735 1 0 0 0 0 1 0 0 1 1.5 1.5 0 0 0
"124" "EPIC_0132" -0.188256828489743 1.3333127331568 6 0 0 0 0 5 1 0 6 4 3.5 1.5 0 4
"125" "EPIC_0133" 0.712143722710827 -5.11545833683814 2 1 0 0 1 0 0 1 1 0.75 0.5 0 1.5 0
"126" "EPIC_0135" 1.68031920920428 -5.30433749220774 3 0 1 0 1 1 0 1 2 1 1.5 0.5 1.5 1
"127" "EPIC_0137" 0.32766748047776 -0.0554847351270007 6 0 1 0 1 5 0 0 5 1.75 3.5 0.5 0 2
"128" "EPIC_0138" 0.0373606576084288 0.994102854125623 2 0 0 0 0 1 1 0 2 2 1.5 1.5 0 1
"129" "EPIC_0139" -0.316459166416454 -4.35544186805786 4 0 0 1 1 3 0 0 3 1.25 2.5 0 0.5 2
"130" "EPIC_0140" 0.912314047319542 -5.80360968274824 2 0 0 0 0 1 0 0 1 1.5 1.5 0 0 0
"131" "EPIC_0141" 2.57011407894395 0.442841023835952 8 1 1 0 2 3 3 0 6 1.33333333333333 1.25 1.25 0 2
"132" "EPIC_0142" -0.617442967148057 0.339646230351082 2 0 0 0 0 2 0 0 2 2 2 0 0 0
"133" "EPIC_0143" 0.648306250388722 -4.82593308228992 2 1 0 0 1 0 1 0 1 0.75 0.5 1.5 0 1
"134" "EPIC_0144" -0.562767287029142 0.119144318098061 1 0 0 0 0 1 0 0 1 1.5 1.5 0 0 0
"135" "EPIC_0145" 2.21582332082079 3.18371851965794 4 0 1 0 1 0 3 0 3 1.25 0 1.25 0 0
"136" "EPIC_0146" -0.267853130748465 0.452288399047278 1 1 0 0 1 0 0 0 0 0.5 0.5 0 0 0
"137" "EPIC_0147" 1.90935663883174 2.41939088053894 6 0 0 0 0 1 5 0 6 4 1.5 3.5 0 2
"138" "EPIC_0148" -0.498449755358037 0.193293030572406 1 0 0 0 0 1 0 0 1 1.5 1.5 0 0 0
"139" "EPIC_0149" -0.647914064546216 0.50598342457567 3 0 0 0 0 3 0 0 3 2.5 2.5 0 0 1
"140" "EPIC_0150" 2.08931790299983 -4.17878351385286 1 0 0 0 0 0 1 0 1 1.5 0 1.5 0 0
"141" "EPIC_0151" -0.846178016582358 0.438197293242992 4 0 0 0 0 4 0 0 4 3 3 0 0 1
"142" "EPIC_0152" -0.818607054323969 0.70250961345789 6 2 0 0 2 4 0 0 4 1 1 0 0 1
"143" "EPIC_0153" -0.509969905394426 0.180070822543153 1 0 0 0 0 1 0 0 1 1.5 1.5 0 0 1
"144" "EPIC_0155" -0.116092355822711 -5.94277325968909 7 0 0 2 2 5 0 0 5 1.16666666666667 3.5 0 0.333333333333333 0
"145" "EPIC_0156" 0.392548156945015 0.488481721817596 5 1 1 0 2 3 0 0 3 0.833333333333333 1.25 0.5 0 2
"146" "EPIC_0157" -0.474879016720663 0.220265098391669 1 0 0 0 0 1 0 0 1 1.5 1.5 0 0 0
"147" "EPIC_0158" -0.721482066124291 0.222716123103059 2 0 0 0 0 2 0 0 2 2 2 0 0 0
"148" "EPIC_0159" 1.61404630232893 1.29783870440175 2 0 0 0 0 1 1 0 2 2 1.5 1.5 0 0
"149" "EPIC_0161" -0.211824217201891 0.972201686589426 3 1 0 0 1 2 0 0 2 1 1 0 0 0
"150" "EPIC_0162" 1.81316980694703 -7.41435402568187 4 0 0 1 1 1 1 1 3 1.25 1.5 1.5 0.75 0
"151" "EPIC_0163" 0.547358441911685 -6.66230926615238 5 0 0 0 0 3 0 2 5 3.5 2.5 0 2 1
"152" "EPIC_0165" -0.619752303363503 0.810892774696918 5 0 0 0 0 5 0 0 5 3.5 3.5 0 0 2
"153" "EPIC_0166" -0.476201751087544 0.496324079052149 2 0 0 0 0 2 0 0 2 2 2 0 0 2
"154" "EPIC_0167" -0.469308847319895 0.226623027727233 1 0 0 0 0 1 0 0 1 1.5 1.5 0 0 0
"155" "EPIC_0168" 1.19600007476693 -2.20183957604901 2 0 0 0 0 1 1 0 2 2 1.5 1.5 0 0
"156" "EPIC_0169" 1.51290888624491 -0.812264205886387 6 1 0 0 1 2 3 0 5 1.75 1 2.5 0 4
"157" "EPIC_0170" -0.0539957368200634 -5.15000444321382 3 1 0 0 1 1 0 1 2 1 0.75 0 1.5 0
"158" "EPIC_0171" -0.470783382248566 0.224940556218212 1 0 0 0 0 1 0 0 1 1.5 1.5 0 0 0
"159" "EPIC_0173" -0.255504457434169 0.465839785533998 1 1 0 0 1 0 0 0 0 0.5 0.5 0 0 0
"160" "EPIC_0174" 0.975639560120431 -3.50844485663077 2 0 1 0 1 1 0 0 1 0.75 1.5 0.5 0 0
"161" "EPIC_0175" -1.03473891996807 0.553620464140171 7 1 0 0 1 6 0 0 6 2 2 0 0 2
"162" "EPIC_0176" 0.081474271707301 -1.31787712279818 9 3 0 1 4 2 3 0 5 0.7 0.5 2.5 0.5 1
"163" "EPIC_0177" 1.52026170905864 1.53063827439079 5 0 2 0 2 2 1 0 3 0.833333333333333 2 0.5 0 2
"164" "EPIC_0178" -0.588726323388294 0.0889934639217708 1 1 0 0 1 0 0 0 0 0.5 0.5 0 0 1
"165" "EPIC_0179" 0.324010508422426 1.04127639525961 4 1 0 0 1 2 1 0 3 1.25 1 1.5 0 0
"166" "EPIC_0180" -0.603271616034095 0.0720440712585423 1 0 0 0 0 1 0 0 1 1.5 1.5 0 0 0
"167" "EPIC_0181" -0.705428873890456 0.242358673135129 2 1 0 0 1 1 0 0 1 0.75 0.75 0 0 0
"168" "EPIC_0183" -0.761277588501426 0.3804190853181 3 1 0 0 1 2 0 0 2 1 1 0 0 0
"169" "EPIC_0184" 0.977764609569016 -0.155479001495419 10 2 0 0 2 5 3 0 8 1.66666666666667 1.16666666666667 2.5 0 3
"170" "EPIC_0185" -0.195767060960893 0.800113857912368 2 0 0 0 0 2 0 0 2 2 2 0 0 1
"171" "EPIC_0186" -0.787639882336263 0.63219702156065 5 0 0 0 0 5 0 0 5 3.5 3.5 0 0 3
"172" "EPIC_0187" -0.567880178185273 0.113215876627997 1 0 0 0 0 1 0 0 1 1.5 1.5 0 0 0
"173" "EPIC_0188" -0.312173364978241 0.677062201432409 2 0 0 0 0 2 0 0 2 2 2 0 0 1
"174" "EPIC_0190" 0.314358290376309 -6.3052574014237 2 0 0 0 0 1 0 1 2 2 1.5 0 1.5 1
"175" "EPIC_0191" 0.66736201482003 1.444871618401 2 0 0 0 0 1 1 0 2 2 1.5 1.5 0 1
"176" "EPIC_0193" -0.16889093970283 0.817790270231372 2 1 0 0 1 1 0 0 1 0.75 0.75 0 0 0
"177" "EPIC_0195" 0.857317802389593 -1.43457850616668 5 1 0 0 1 2 2 0 4 1.5 1 2 0 1
"178" "EPIC_0196" 0.723658099809179 0.797309775154014 8 2 0 0 2 4 2 0 6 1.33333333333333 1 2 0 4
"179" "EPIC_0197" -0.915116977246463 0.202865132228733 3 0 0 0 0 3 0 0 3 2.5 2.5 0 0 0
"180" "EPIC_0198" -0.526962174031809 0.160520871927567 1 0 0 0 0 1 0 0 1 1.5 1.5 0 0 0
"181" "EPIC_0199" -0.0121228838786104 0.957009658314322 2 0 0 0 0 2 0 0 2 2 2 0 0 0
"182" "EPIC_0200" 3.02235084277735 1.0734020667536 2 0 0 0 0 0 2 0 2 2 0 2 0 1
"183" "EPIC_0201" -0.139436811889059 1.13178354676904 7 1 0 0 1 4 1 0 5 1.75 1.5 1.5 0 1
"184" "EPIC_0202" -0.618307069441126 0.341073486664463 2 0 0 0 0 2 0 0 2 2 2 0 0 0
"185" "EPIC_0203" -0.569954083068123 0.592487476154802 3 1 0 0 1 2 0 0 2 1 1 0 0 1
"186" "EPIC_0204" 0.271788085914139 1.00974450563189 1 0 0 0 0 1 0 0 1 1.5 1.5 0 0 0
"187" "EPIC_0206" -0.323960566594518 0.670957812340919 2 0 0 0 0 2 0 0 2 2 2 0 0 0
"188" "EPIC_0207" -0.26340713385353 0.732886874512957 2 0 0 0 0 2 0 0 2 2 2 0 0 0
"189" "EPIC_0208" -0.183938890064533 -1.55598774518054 9 1 0 0 1 7 0 1 8 2.5 2.25 0 1.5 1
"190" "EPIC_0209" -0.763857739602904 -1.42391534390385 11 1 0 0 1 9 0 1 10 3 2.75 0 1.5 1
"191" "EPIC_0210" 2.99557719754005 1.05866494801096 5 0 0 0 0 1 4 0 5 3.5 1.5 3 0 0
"192" "EPIC_0211" -0.882447617825221 0.526383969464774 5 0 0 0 0 5 0 0 5 3.5 3.5 0 0 0
"193" "EPIC_0212" 1.95174498758049 1.82661629536974 5 1 0 0 1 1 3 0 4 1.5 0.75 2.5 0 1
"194" "EPIC_0213" -0.630581094405271 0.527680717515727 3 1 0 0 1 2 0 0 2 1 1 0 0 0
"195" "EPIC_0214" -0.0135250955689832 0.993530939309993 2 0 0 0 0 2 0 0 2 2 2 0 0 1
"196" "EPIC_0215" -0.101278644076462 0.632168212158032 1 0 0 0 0 1 0 0 1 1.5 1.5 0 0 0
"197" "EPIC_0216" 0.781019008449962 1.4756754423211 2 1 0 0 1 0 1 0 1 0.75 0.5 1.5 0 1
"198" "EPIC_0218" -0.398251055147815 0.586811504740812 2 1 0 0 1 1 0 0 1 0.75 0.75 0 0 0
"199" "EPIC_0219" 1.6063510440808 -2.46838938875781 4 0 0 0 0 0 3 1 4 3 0 2.5 1.5 2
"200" "EPIC_0220" -0.537974535887535 0.431922156586638 2 0 0 0 0 2 0 0 2 2 2 0 0 0
"201" "EPIC_0221" -0.249058811329101 -2.78252558526879 5 1 0 0 1 3 0 1 4 1.5 1.25 0 1.5 1
"202" "EPIC_0222" -0.457607066360353 0.835775426534057 4 1 0 0 1 3 0 0 3 1.25 1.25 0 0 0
"203" "EPIC_0223" 1.90068607329254 -1.53416858831604 14 1 0 0 1 8 5 0 13 3.75 2.5 3.5 0 8
"204" "EPIC_0224" -0.0731960734541658 1.61785102675165 16 3 0 0 3 11 2 0 13 1.875 1.625 2 0 4
"205" "EPIC_0226" 0.54559806432766 1.72528689391339 7 0 0 0 0 5 2 0 7 4.5 3.5 2 0 3
"206" "EPIC_0227" 1.11248283024275 1.5661303942096 2 1 0 0 1 0 1 0 1 0.75 0.5 1.5 0 0
"207" "EPIC_0228" -0.674070868483288 0.479800396858808 3 1 0 0 1 2 0 0 2 1 1 0 0 0
"208" "EPIC_0230" 1.56210217324985 -4.43018010174896 3 1 0 0 1 0 1 1 2 1 0.5 1.5 1.5 1
"209" "EPIC_0231" -0.377844854891364 1.15734165503621 6 1 0 0 1 4 1 0 5 1.75 1.5 1.5 0 2
"210" "EPIC_0232" 0.723880093261226 -2.7588488889929 7 0 1 0 1 5 1 0 6 2 3.5 0.75 0 0
"211" "EPIC_0234" 0.786236573721927 0.763931527057813 7 1 0 0 1 4 1 0 5 1.75 1.5 1.5 0 3
"212" "EPIC_0235" -0.609889341698249 0.549160689043533 3 1 0 0 1 2 0 0 2 1 1 0 0 0
"213" "EPIC_0236" 0.293853172897213 -6.55466333294329 2 0 0 0 0 1 0 1 2 2 1.5 0 1.5 0
"214" "EPIC_0237" 1.3803218960679 -1.30378859447591 2 0 0 0 0 1 1 0 2 2 1.5 1.5 0 0
"215" "EPIC_0238" -0.309209863718948 0.877492361303695 3 0 0 0 0 3 0 0 3 2.5 2.5 0 0 0
"216" "EPIC_0239" -0.616316399990191 0.693018783645867 4 0 0 0 0 4 0 0 4 3 3 0 0 2
"217" "EPIC_0240" -0.976256354386559 1.03639991062741 14 1 0 0 1 13 0 0 13 3.75 3.75 0 0 3
"218" "EPIC_0241" 0.167553563047332 -1.25240940436361 10 0 1 1 2 7 0 0 7 1.5 4.5 0.5 0.5 2
"219" "EPIC_0242" -0.930300058957616 0.343398911703154 4 1 0 0 1 3 0 0 3 1.25 1.25 0 0 1
"220" "EPIC_0243" -0.469082764888361 0.22688095376226 1 0 0 0 0 1 0 0 1 1.5 1.5 0 0 0
"221" "EPIC_0244" -0.410377006026164 0.293508377084129 1 0 0 0 0 1 0 0 1 1.5 1.5 0 0 0
"222" "EPIC_0245" 1.59955539325305 -2.86567377688307 9 0 0 1 1 2 4 0 6 2 2 3 0.5 0
"223" "EPIC_0246" -0.657038975763375 0.651371963261477 4 0 0 0 0 4 0 0 4 3 3 0 0 1
"224" "EPIC_0247" -0.192686679414814 -3.85952219562489 4 0 0 0 0 3 0 1 4 3 2.5 0 1.5 1
"225" "EPIC_0248" -0.42541821286187 0.559091995455017 2 0 0 0 0 2 0 0 2 2 2 0 0 0
"226" "EPIC_0249" -0.612194426767269 1.3753146253877 13 1 0 0 1 12 0 0 12 3.5 3.5 0 0 2
"227" "EPIC_0250" -0.763799188786205 0.377222851224614 3 1 0 0 1 2 0 0 2 1 1 0 0 0
"228" "EPIC_0251" 0.401159561377769 1.30417025961244 2 1 0 0 1 0 1 0 1 0.75 0.5 1.5 0 0
"229" "EPIC_0252" -0.802454461014526 0.331148626609463 3 0 0 0 0 3 0 0 3 2.5 2.5 0 0 0
"230" "EPIC_0253" -0.458546416961516 0.23889005722141 1 0 0 0 0 1 0 0 1 1.5 1.5 0 0 0
"231" "EPIC_0254" -0.462567501907402 0.695017009850322 3 0 0 0 0 3 0 0 3 2.5 2.5 0 0 0
"232" "EPIC_0255" -0.613240133707355 0.0604051423275645 1 1 0 0 1 0 0 0 0 0.5 0.5 0 0 0
"233" "EPIC_0256" 3.30238354324901 -5.21722683500704 37 0 9 0 9 6 16 5 27 1.45 4 0.9 3.5 1
"234" "EPIC_0257" 2.03679577915671 -12.2434509887995 5 1 0 0 1 0 1 3 4 1.5 0.5 1.5 2.5 0
"235" "EPIC_0258" 1.22685494241195 -3.53007319546628 3 0 1 0 1 1 0 1 2 1 1.5 0.5 1.5 1
"236" "EPIC_0259" -0.406999754634893 0.297320101366825 1 1 0 0 1 0 0 0 0 0.5 0.5 0 0 0
"237" "EPIC_0260" 0.340187974246125 -6.11274115636312 2 1 0 0 1 0 0 0 0 0.5 0.5 0 0 1
"238" "EPIC_0261" 1.03328992095099 2.63471089842807 7 0 0 0 0 3 4 0 7 4.5 2.5 3 0 2
"239" "EPIC_0262" 0.324608541810584 -3.78894380403028 3 0 0 0 0 2 0 1 3 2.5 2 0 1.5 1
"240" "EPIC_0263" 0.787023638471773 1.45921151525771 1 0 0 0 0 0 1 0 1 1.5 0 1.5 0 1
"241" "EPIC_0264" -0.567070890692588 0.114154582654608 1 0 0 0 0 1 0 0 1 1.5 1.5 0 0 0
"242" "EPIC_0265" 0.203203247240813 1.16162974203557 2 0 0 0 0 1 1 0 2 2 1.5 1.5 0 1
"243" "EPIC_0266" -0.552468581055822 0.415193118413005 2 0 0 0 0 2 0 0 2 2 2 0 0 0
"244" "EPIC_0267" -0.619158776602478 0.341124388207021 2 0 0 0 0 2 0 0 2 2 2 0 0 0
"245" "EPIC_0268" -0.769409562844494 0.369060445250391 3 0 0 0 0 3 0 0 3 2.5 2.5 0 0 1
"246" "EPIC_0269" -0.615778569661031 1.17100756195571 10 0 0 0 0 9 1 0 10 6 5.5 1.5 0 2
"247" "EPIC_0270" -0.779579272759274 0.809496668249444 7 3 0 0 3 3 1 0 4 0.75 0.625 1.5 0 2
"248" "EPIC_0271" 1.23420488962261 -1.95070036591651 7 1 0 1 2 3 2 0 5 1.16666666666667 1.25 2 0.5 4
"249" "EPIC_0272" -0.764369896812911 0.532789989531478 4 0 0 0 0 3 0 0 3 2.5 2.5 0 0 0
"250" "EPIC_0274" 0.426069945183749 -0.206551745183313 7 1 0 0 1 4 2 0 6 2 1.5 2 0 2
"251" "EPIC_0275" 0.303456506692942 1.11363869863699 8 2 0 0 2 5 1 0 6 1.33333333333333 1.16666666666667 1.5 0 1
"252" "EPIC_0276" 2.17898067372884 -11.0354688496251 7 1 0 0 1 1 4 1 6 2 0.75 3 1.5 0
"253" "EPIC_0277" 1.10169442150836 -3.78016734720672 4 0 1 1 2 2 0 0 2 0.666666666666667 2 0.5 0.5 0
"254" "EPIC_0278" 2.76456771666212 -2.09105353296682 3 0 3 0 3 0 0 0 0 0.25 0 0.25 0 0
"255" "EPIC_0279" 1.06508629318554 0.232669893939174 3 0 0 0 0 1 1 0 2 2 1.5 1.5 0 1
"256" "EPIC_0281" 0.517089553251041 -5.60142197949257 8 1 0 0 1 4 1 2 7 2.25 1.5 1.5 2 1
"257" "EPIC_0282" 0.906025618865299 1.69532351482703 2 0 0 0 0 1 1 0 2 2 1.5 1.5 0 0
"258" "EPIC_0284" 0.0637002801739395 0.803733407655865 1 0 0 0 0 1 0 0 1 1.5 1.5 0 0 0
"259" "EPIC_0285" -0.128130695980789 -5.16697882177826 3 0 0 0 0 2 0 1 3 2.5 2 0 1.5 0
"260" "EPIC_0286" 0.0369717316197236 -4.81661805050334 3 1 0 0 1 1 0 1 2 1 0.75 0 1.5 0
"261" "EPIC_0287" -0.610613406674637 0.549587359275317 3 0 0 0 0 3 0 0 3 2.5 2.5 0 0 0
"262" "EPIC_0289" -0.284873942057875 1.04760860548331 4 0 0 0 0 4 0 0 4 3 3 0 0 1
"263" "EPIC_0290" -0.368181991735205 0.819166593793469 3 0 0 0 0 3 0 0 3 2.5 2.5 0 0 2
"264" "EPIC_0291" -0.620107901897473 0.795737267460734 5 1 0 0 1 4 0 0 4 1.5 1.5 0 0 0
"265" "EPIC_0292" 0.452397598671193 -4.23003987709591 9 3 0 0 3 3 1 2 6 1 0.625 1.5 2 2
"266" "EPIC_0293" -0.430226291868173 1.41498702983183 10 0 0 0 0 9 1 0 10 6 5.5 1.5 0 2
"267" "EPIC_0294" -0.29661797647073 1.02378744649464 4 1 0 0 1 2 0 0 2 1 1 0 0 0
"268" "EPIC_0295" 0.222294814440754 1.38407429987097 3 0 0 0 0 2 1 0 3 2.5 2 1.5 0 0
"269" "EPIC_0296" 1.36598305345683 -12.5192056358013 8 0 0 4 4 3 1 0 4 0.6 2.5 1.5 0.2 1
"270" "EPIC_0297" -0.46583417615451 1.38588397518603 13 1 0 0 1 11 1 0 12 3.5 3.25 1.5 0 4
"271" "EPIC_0298" 0.296474929611052 -1.78546752505944 12 3 0 0 3 6 2 1 9 1.375 1 2 1.5 1
"272" "EPIC_0299" 2.22712711339844 -3.40637225412231 1 0 0 0 0 0 1 0 1 1.5 0 1.5 0 0
"273" "EPIC_0300" -0.380002743533734 1.34309428300049 8 0 0 0 0 8 0 0 8 5 5 0 0 4
"274" "EPIC_0302" 0.773203625821402 -0.708836064058215 3 0 0 0 0 2 0 0 2 2 2 0 0 1
"275" "EPIC_0303" -0.542730350818235 0.627362914784207 3 0 0 0 0 3 0 0 3 2.5 2.5 0 0 0
"276" "EPIC_0304" -0.429271031281267 0.272140769160613 1 0 0 0 0 1 0 0 1 1.5 1.5 0 0 0
"277" "EPIC_0305" 0.268475200449936 -2.54074904938703 12 0 0 0 0 10 0 1 11 6.5 6 0 1.5 0
"278" "EPIC_0306" 1.42691121603965 -1.94521200659819 2 0 1 0 1 1 0 0 1 0.75 1.5 0.5 0 0
"279" "EPIC_0307" 1.96385309877459 2.27377870025748 5 0 1 0 1 2 2 0 4 1.5 2 1 0 1
"280" "EPIC_0308" -1.5491314791658 1.20031671140417 184 29 0 0 29 147 4 0 151 2.55 2.48333333333333 3 0 18
"281" "EPIC_0309" 2.86167935581403 3.39320161522769 7 0 1 0 1 1 5 0 6 2 1.5 1.75 0 5
"282" "EPIC_0310" 0.235105357760366 -6.7877375101542 2 0 0 0 0 1 0 1 2 2 1.5 0 1.5 1
"283" "EPIC_0311" 0.36467779885745 -4.1797822121507 3 0 0 0 0 2 0 1 3 2.5 2 0 1.5 1
"284" "EPIC_0312" -0.453646266177118 0.719824648795154 3 0 0 0 0 3 0 0 3 2.5 2.5 0 0 1
"285" "EPIC_0313" -0.441433534996749 0.731185837411917 3 1 0 0 1 2 0 0 2 1 1 0 0 0
"286" "EPIC_0314" -0.425834894302255 0.752036131765824 3 0 0 0 0 3 0 0 3 2.5 2.5 0 0 0
"287" "EPIC_0315" -0.0901162167181027 -0.636904219441843 8 1 0 0 1 6 1 0 7 2.25 2 1.5 0 3
"288" "EPIC_0316" 0.0203992539987111 -3.90577518089334 4 0 0 1 1 3 0 0 3 1.25 2.5 0 0.5 0
"289" "EPIC_0317" -0.0421391335509457 1.50208534740151 6 2 0 0 2 3 1 0 4 1 0.833333333333333 1.5 0 3
"290" "EPIC_0318" 0.0810387932741423 0.821357359231178 1 0 0 0 0 1 0 0 1 1.5 1.5 0 0 1
"291" "EPIC_0319" 1.21890691764889 -8.19988667070509 1 0 0 0 0 0 0 1 1 1.5 0 0 1.5 0
"292" "EPIC_0320" -0.468098011426389 0.509491625710103 2 0 0 0 0 2 0 0 2 2 2 0 0 0
"293" "EPIC_0321" 0.892986107513091 -2.02574211878571 3 1 0 0 1 1 1 0 2 1 0.75 1.5 0 0
"294" "EPIC_0322" 0.569496407043711 -0.993235731757404 4 1 0 0 1 2 0 0 2 1 1 0 0 2
"295" "EPIC_0325" 0.40714307624149 -6.3126596673281 2 0 0 0 0 1 0 1 2 2 1.5 0 1.5 2
"296" "EPIC_0326" 0.763460377320682 1.32408031991556 3 1 0 0 1 1 1 0 2 1 0.75 1.5 0 0
"297" "EPIC_0327" -0.465345511635149 0.993313187871153 5 0 0 0 0 5 0 0 5 3.5 3.5 0 0 4
"298" "EPIC_0328" 0.624406546113207 -1.00399552565399 6 0 1 0 1 4 1 0 5 1.75 3 0.75 0 2
"299" "EPIC_0329" -0.484299861990323 0.209497930920445 1 0 0 0 0 1 0 0 1 1.5 1.5 0 0 0
"300" "EPIC_0330" -0.460246873661683 0.236953410494397 1 0 0 0 0 0 0 0 0 0 0 0 0 0
"301" "EPIC_0331" 0.0846308950210039 -4.65572250610366 3 0 0 0 0 2 0 1 3 2.5 2 0 1.5 0
"302" "EPIC_0332" 2.51272484897959 -4.39866943367942 2 0 0 0 0 0 1 1 2 2 0 1.5 1.5 0
"303" "EPIC_0334" -0.477914566838232 0.496188868778192 2 0 0 0 0 2 0 0 2 2 2 0 0 0
"304" "EPIC_0336" 0.36783299760502 1.0159007118794 5 1 1 0 2 3 0 0 3 0.833333333333333 1.25 0.5 0 2
"305" "EPIC_0337" -0.65185162690452 0.891649695658146 6 0 0 0 0 6 0 0 6 4 4 0 0 2
"306" "EPIC_0339" -0.463672237435333 0.860701674096998 4 1 0 0 1 3 0 0 3 1.25 1.25 0 0 1
"307" "EPIC_0341" 1.80425251310937 1.21140447443214 5 0 0 0 0 3 2 0 5 3.5 2.5 2 0 2
"308" "EPIC_0342" -0.116191649461881 1.30616139779725 5 1 1 0 2 3 0 0 3 0.833333333333333 1.25 0.5 0 0
"309" "EPIC_0343" -0.43519829491577 0.54828204056748 2 1 0 0 1 1 0 0 1 0.75 0.75 0 0 0
"310" "EPIC_0344" -0.0625579430146827 0.926634476863346 2 0 0 0 0 2 0 0 2 2 2 0 0 0
"311" "EPIC_0345" 5.32598209304724 -5.91068008919238 35 2 11 0 13 3 16 1 20 0.785714285714286 0.833333333333333 0.75 1.5 4
"312" "EPIC_0346" 5.81420495614427 -4.68627222209977 34 1 10 1 12 3 17 0 20 0.846153846153846 1.25 0.863636363636364 0.5 3
"313" "EPIC_0347" 1.19150059576802 -4.25429391481826 3 0 1 1 2 1 0 0 1 0.5 1.5 0.5 0.5 1
"314" "EPIC_0348" -0.633806311799668 1.16056606346681 15 4 0 0 4 10 1 0 11 1.3 1.2 1.5 0 1
"315" "EPIC_0349" 0.841455829925404 1.96940737602159 4 0 0 0 0 2 2 0 4 3 2 2 0 0
"316" "EPIC_0350" -0.534659876663947 0.431753143007869 2 0 0 0 0 2 0 0 2 2 2 0 0 0
"317" "EPIC_0351" 0.769131972672498 -10.0181414894681 1 0 0 0 0 0 0 1 1 1.5 0 0 1.5 0
"318" "EPIC_0353" -0.75971132473499 0.378839932152651 3 0 0 0 0 3 0 0 3 2.5 2.5 0 0 0
"319" "EPIC_0354" -0.592335841864496 0.371676500842591 2 0 0 0 0 2 0 0 2 2 2 0 0 1
"320" "EPIC_0355" -0.599472345372683 0.363466310912251 2 0 0 0 0 2 0 0 2 2 2 0 0 0
"321" "EPIC_0356" 0.743349093642502 -10.1193501004525 1 0 0 1 1 0 0 0 0 0.5 0 0 0.5 0
"322" "EPIC_0357" -0.482066212365288 0.494773720224401 2 0 0 0 0 2 0 0 2 2 2 0 0 0
"323" "EPIC_0358" -0.381004674961865 0.593406760996073 2 1 0 0 1 1 0 0 1 0.75 0.75 0 0 0
"324" "EPIC_0359" -0.560676905822515 0.74792403944804 4 0 0 0 0 4 0 0 4 3 3 0 0 1
"325" "EPIC_0360" 0.368468744581596 1.1011209485664 1 0 0 0 0 1 0 0 1 1.5 1.5 0 0 0
"326" "EPIC_0361" -0.558069304265532 0.984757359423501 6 0 0 0 0 6 0 0 6 4 4 0 0 3
"327" "EPIC_0362" -0.23638106251985 1.23514454284823 8 5 0 0 5 2 1 0 3 0.416666666666667 0.333333333333333 1.5 0 2
"328" "EPIC_0363" -0.128714441457953 1.18573822115225 4 0 0 0 0 3 1 0 4 3 2.5 1.5 0 2
"329" "EPIC_0365" -0.248646634638213 -3.31772354110822 5 1 0 0 1 3 0 1 4 1.5 1.25 0 1.5 0
"330" "EPIC_0367" 0.968118424718908 -4.00735848980704 3 0 0 0 0 1 1 0 2 2 1.5 1.5 0 1
"331" "EPIC_0368" 2.72976235517937 -8.9301262343713 11 0 1 1 2 3 3 2 8 1.66666666666667 2.5 1.25 1 0
"332" "EPIC_0369" 0.689177858118368 1.28480407207415 5 0 0 0 0 4 1 0 5 3.5 3 1.5 0 0
"333" "EPIC_0370" -0.336188529005806 0.376696633859722 1 0 0 0 0 1 0 0 1 1.5 1.5 0 0 0
"334" "EPIC_0371" 1.58619584142727 1.44632523897911 2 0 0 0 0 1 1 0 2 2 1.5 1.5 0 0
"335" "EPIC_0372" -0.583890326445413 0.577097329815879 3 0 0 0 0 3 0 0 3 2.5 2.5 0 0 1
"336" "EPIC_0373" 0.324960926688572 -8.95410793571203 4 0 0 0 0 1 0 2 3 2.5 1.5 0 2 0
"337" "EPIC_0374" 0.105800998699381 -7.80431617302244 5 0 0 1 1 3 0 1 4 1.5 2.5 0 0.75 1
"338" "EPIC_0375" -0.326048186139688 0.667314828522766 2 1 0 0 1 1 0 0 1 0.75 0.75 0 0 0
"339" "EPIC_0376" 3.76913737344652 -8.93822256074044 10 0 3 2 5 2 2 1 5 0.583333333333333 2 0.5 0.5 0
"340" "EPIC_0377" 1.2899979112211 -3.30404103417938 7 1 0 0 1 3 2 1 6 2 1.25 2 1.5 2
"341" "EPIC_0378" 0.768907643629483 -3.01391876085901 5 1 0 0 1 2 1 1 4 1.5 1 1.5 1.5 4
"342" "EPIC_0379" -0.226754593049081 -2.13344205418943 6 1 0 0 1 4 0 0 5 1.75 1.5 0 0 1
"343" "EPIC_0380" -0.535487337097652 0.150691458285284 1 0 0 0 0 1 0 0 1 1.5 1.5 0 0 0
"344" "EPIC_0381" -0.140378326795794 0.590523439126832 1 0 0 0 0 1 0 0 1 1.5 1.5 0 0 1
"345" "EPIC_0382" -0.615735188525515 1.12247302639812 9 1 0 0 1 6 1 0 7 2.25 2 1.5 0 1
"346" "EPIC_0383" -0.482458686950124 0.211603604784076 1 0 0 0 0 1 0 0 1 1.5 1.5 0 0 0
"347" "EPIC_0384" 0.342383968374925 -6.19703060414642 2 0 0 1 1 1 0 0 1 0.75 1.5 0 0.5 0
"348" "EPIC_0385" -1.03876056997477 0.218058037464969 4 1 0 0 1 2 0 0 2 1 1 0 0 0
"349" "EPIC_0386" -0.534171190542678 0.152209874038441 1 1 0 0 1 0 0 0 0 0.5 0.5 0 0 0
"350" "EPIC_0387" -0.473190420877903 1.17900404628247 7 1 0 0 1 6 0 0 6 2 2 0 0 4
"351" "EPIC_0388" -0.58111406731832 0.384439412265466 2 0 0 0 0 2 0 0 2 2 2 0 0 0
"352" "EPIC_0389" -0.0543824941073033 1.15337256354431 3 1 0 0 1 2 0 0 2 1 1 0 0 2
"353" "EPIC_0390" -0.924499490365118 0.760912329763958 8 3 0 0 3 5 0 0 5 0.875 0.875 0 0 1
"354" "EPIC_0391" 0.0623874760317354 1.32290515642187 4 1 0 0 1 2 1 0 3 1.25 1 1.5 0 1
"355" "EPIC_0392" 0.158025338404543 -0.530479273845008 9 1 0 0 1 6 2 0 8 2.5 2 2 0 3
"356" "EPIC_0393" -0.610659696246912 0.349616867426344 2 0 0 0 0 2 0 0 2 2 2 0 0 1
"357" "EPIC_0394" 2.26675567793474 0.461145570906099 7 1 0 0 1 1 5 0 6 2 0.75 3.5 0 1
"358" "EPIC_0395" -0.910918662922753 0.844270022250678 9 2 0 0 2 6 0 0 6 1.33333333333333 1.33333333333333 0 0 1
"359" "EPIC_0396" -0.377205795875056 0.807504991819931 3 0 0 0 0 2 0 0 2 2 2 0 0 1
"360" "EPIC_0397" 0.552695426926167 0.847260475768748 10 2 0 0 2 6 2 0 8 1.66666666666667 1.33333333333333 2 0 1
"361" "EPIC_0398" -0.32793638228868 0.858880917090091 3 0 0 0 0 3 0 0 3 2.5 2.5 0 0 1
"362" "EPIC_0399" -0.757634160812442 0.539786461316136 4 0 0 0 0 4 0 0 4 3 3 0 0 2
"363" "EPIC_0400" 1.69594151905261 -10.0969088162148 4 0 0 0 0 0 1 2 3 2.5 0 1.5 2 1
"364" "EPIC_0401" -0.278809402966349 1.25908731139595 6 2 0 0 2 3 1 0 4 1 0.833333333333333 1.5 0 0
"365" "EPIC_0402" 0.122541250380025 1.62528301118009 6 2 0 0 2 3 1 0 4 1 0.833333333333333 1.5 0 2
"366" "EPIC_0403" 0.48866457944003 -3.08955697646533 3 0 0 0 0 2 1 0 3 2.5 2 1.5 0 2
"367" "EPIC_0404" -0.557837944247468 0.748829603961675 4 1 0 0 1 3 0 0 3 1.25 1.25 0 0 0
"368" "EPIC_0405" -0.463479889835361 -0.340427017324928 49 3 0 2 5 41 3 0 44 3.83333333333333 5.375 2.5 0.333333333333333 2
"369" "EPIC_0406" -0.723770958096131 0.573549988066011 4 0 0 0 0 4 0 0 4 3 3 0 0 0
"370" "EPIC_0407" -0.547762170319486 0.136514174029176 1 0 0 0 0 1 0 0 1 1.5 1.5 0 0 0
"371" "EPIC_0408" -1.25892658604319 0.854180153958295 18 0 0 0 0 18 0 0 18 10 10 0 0 1
"372" "EPIC_0409" -0.488840116965135 -1.09670551210993 35 0 0 1 1 29 2 1 32 8.5 15.5 2 0.75 4
"373" "EPIC_0410" -1.32736192514342 0.97238647894122 28 5 0 0 5 21 1 0 22 2 1.91666666666667 1.5 0 4
"374" "EPIC_0411" 1.30558120796364 1.21877716258168 2 0 0 0 0 1 1 0 2 2 1.5 1.5 0 0
"375" "EPIC_0412" -0.243143134040399 1.42144320658101 7 1 0 0 1 6 0 0 6 2 2 0 0 2
"376" "EPIC_0413" -0.889616673869869 0.390030991815003 4 0 0 0 0 4 0 0 4 3 3 0 0 1
"377" "EPIC_0414" -0.25024887021297 -1.69614227219961 8 2 0 0 2 5 0 1 6 1.33333333333333 1.16666666666667 0 1.5 0
"378" "EPIC_0415" 0.0586429146846328 0.905196423286297 10 1 0 0 1 8 0 0 8 2.5 2.5 0 0 3
"379" "EPIC_0416" -0.485038790322774 0.680802349395137 3 1 0 0 1 2 0 0 2 1 1 0 0 0
"380" "EPIC_0417" -0.379555950192216 0.609863164727562 2 0 0 0 0 2 0 0 2 2 2 0 0 0
"381" "EPIC_0418" -0.446907633528601 0.838051017153723 4 0 0 0 0 3 1 0 4 3 2.5 1.5 0 0
"382" "EPIC_0419" 0.169015222731795 -2.5238489074096 4 1 0 0 1 2 0 0 2 1 1 0 0 1
"383" "EPIC_0420" -0.55491716654413 0.128236934677397 1 0 0 0 0 1 0 0 1 1.5 1.5 0 0 0
"384" "EPIC_0421" -0.869270170334013 1.26429906486641 18 2 0 0 2 14 1 0 15 2.83333333333333 2.66666666666667 1.5 0 1
"385" "EPIC_0422" -0.51053057048905 -1.0479181039865 13 2 0 0 2 9 0 1 10 2 1.83333333333333 0 1.5 4
"386" "EPIC_0423" -0.458437051886943 0.999598594153505 5 0 0 0 0 5 0 0 5 3.5 3.5 0 0 1
"387" "EPIC_0424" 0.503759428512219 1.92786431123707 7 0 0 0 0 6 1 0 7 4.5 4 1.5 0 2
"388" "EPIC_0425" -0.445058982707896 0.723542194877338 3 0 0 0 0 2 0 0 2 2 2 0 0 0
"389" "EPIC_0426" 0.115417533889824 0.890439642749124 7 1 0 0 1 5 1 0 6 2 1.75 1.5 0 0
"390" "EPIC_0427" -0.625574273060734 0.0459786941790565 1 0 0 0 0 1 0 0 1 1.5 1.5 0 0 0
"391" "EPIC_0428" -0.422120679924453 0.562807766497077 2 1 0 0 1 1 0 0 1 0.75 0.75 0 0 2
"392" "EPIC_0429" 1.72313730803409 2.18941483751525 3 0 0 0 0 1 2 0 3 2.5 1.5 2 0 1
"393" "EPIC_0430" -0.271263527347859 0.448539920575187 1 0 0 0 0 1 0 0 1 1.5 1.5 0 0 0
"394" "EPIC_0431" -0.108305512917965 1.71214591775779 9 3 0 0 3 6 0 0 6 1 1 0 0 4
"395" "EPIC_0432" 0.297969146205605 -4.60434913356242 3 0 0 1 1 2 0 0 2 1 2 0 0.5 0
"396" "EPIC_0433" -0.393425699480148 1.05571231083226 5 0 0 0 0 4 0 0 4 3 3 0 0 2
"397" "EPIC_0434" -0.485011407412549 0.490698050775141 2 0 0 0 0 2 0 0 2 2 2 0 0 0
"398" "EPIC_0435" 0.131479606110668 -5.02407561830312 3 1 0 1 2 1 0 0 1 0.5 0.75 0 0.5 0
"399" "EPIC_0436" -0.320672185191737 0.393948914805678 1 0 0 0 0 1 0 0 1 1.5 1.5 0 0 1
"400" "EPIC_0437" -0.512805633683166 0.461545953047588 2 1 0 0 1 1 0 0 1 0.75 0.75 0 0 0
"401" "EPIC_0438" -0.506917059215966 0.183577238240871 1 0 0 0 0 1 0 0 1 1.5 1.5 0 0 0
"402" "EPIC_0439" -0.279505166143488 0.439470727888007 1 0 0 0 0 1 0 0 1 1.5 1.5 0 0 0
"403" "EPIC_0440" -0.117450455990003 -1.90864666284845 13 3 0 0 3 8 0 1 9 1.375 1.25 0 1.5 2
"404" "EPIC_0441" -0.530513653063319 0.156427760800586 1 0 0 0 0 1 0 0 1 1.5 1.5 0 0 0
"405" "EPIC_0442" -0.939902193828743 0.564089244151863 6 1 0 0 1 5 0 0 5 1.75 1.75 0 0 0
"406" "EPIC_0444" -0.23734113080577 -3.15380321084179 5 1 0 0 1 3 0 1 4 1.5 1.25 0 1.5 0
"407" "EPIC_0445" -0.475637824378169 0.687565106367356 3 0 0 0 0 3 0 0 3 2.5 2.5 0 0 1
"408" "EPIC_0446" 0.127952486922883 -6.94006434603513 2 0 0 0 0 1 0 0 1 1.5 1.5 0 0 1
"409" "EPIC_0447" -0.769693310522784 0.522864104141269 4 1 0 0 1 3 0 0 3 1.25 1.25 0 0 2
"410" "EPIC_0448" 0.739083925861436 2.17712118956547 5 0 0 0 0 3 2 0 5 3.5 2.5 2 0 2
"411" "EPIC_0450" 0.944332618227604 -2.43496805763508 4 0 0 0 0 2 1 1 4 3 2 1.5 1.5 2
"412" "EPIC_0451" 0.775277327340321 -9.99397615815824 1 0 0 1 1 0 0 0 0 0.5 0 0 0.5 0
"413" "EPIC_0452" 0.468408375555288 1.08014466711029 5 2 1 0 3 2 0 0 2 0.5 0.666666666666667 0.5 0 0
"414" "EPIC_0453" 1.20809764483655 -0.735323795052938 4 0 1 0 1 2 1 0 3 1.25 2 0.75 0 1
"415" "EPIC_0454" -0.587555874926333 0.0903556469687285 1 0 0 0 0 1 0 0 1 1.5 1.5 0 0 0
"416" "EPIC_0455" 1.33741301591539 1.79118804920349 2 0 1 0 1 1 0 0 1 0.75 1.5 0.5 0 0
"417" "EPIC_0456" -0.725022711942581 0.21947733930136 2 0 0 0 0 2 0 0 2 2 2 0 0 0
"418" "EPIC_0457" 1.0131852894701 1.66379576109245 5 2 0 0 2 1 2 0 3 0.833333333333333 0.5 2 0 0
"419" "EPIC_0458" 2.19021147915021 -7.44205265890827 4 0 0 0 0 1 2 1 4 3 1.5 2 1.5 1
"420" "EPIC_0459" 1.46819754276404 2.22992546109935 4 0 0 0 0 2 2 0 4 3 2 2 0 1
"421" "EPIC_0460" -0.670624833800482 0.282361635268556 2 0 0 0 0 2 0 0 2 2 2 0 0 1
"422" "EPIC_0461" 0.671306095388422 -7.07104888643788 5 0 1 0 1 2 0 2 4 1.5 2 0.5 2 0
"423" "EPIC_0462" 0.238420660000896 -4.51927199767298 3 0 0 1 1 2 0 0 2 1 2 0 0.5 2
"424" "EPIC_0463" 0.106340094166781 0.84693064285653 1 0 0 0 0 1 0 0 1 1.5 1.5 0 0 0
"425" "EPIC_0464" 2.31228280708971 2.01335500414133 8 0 0 0 0 4 3 0 7 4.5 3 2.5 0 2
"426" "EPIC_0465" 1.55281161203167 -0.11567151137258 2 0 0 0 0 1 1 0 2 2 1.5 1.5 0 0
"427" "EPIC_0466" 0.928750302199162 -9.38491816501758 1 0 0 0 0 0 0 1 1 1.5 0 0 1.5 0
"428" "EPIC_0467" -0.0681938184816356 -5.23431825479893 3 0 0 0 0 2 0 1 3 2.5 2 0 1.5 0
"429" "EPIC_0468" -0.189135237882202 1.01331016515458 3 0 0 0 0 3 0 0 3 2.5 2.5 0 0 1
"430" "EPIC_0469" 1.39382383299841 2.35690670241353 6 1 0 0 1 2 3 0 5 1.75 1 2.5 0 3
"431" "EPIC_0470" 1.61621065013616 2.74551647147415 7 0 0 0 0 3 4 0 7 4.5 2.5 3 0 2
"432" "EPIC_0471" -0.384000118183829 0.323216215104763 1 0 0 0 0 1 0 0 1 1.5 1.5 0 0 0
"433" "EPIC_0472" 0.547490786287631 0.39347990363632 5 1 0 0 1 3 1 0 4 1.5 1.25 1.5 0 1
"434" "EPIC_0473" 1.03212715608721 -6.1592732105234 7 1 1 1 3 3 1 0 4 0.75 1.25 0.75 0.5 1
"435" "EPIC_0474" 0.42207969941234 1.33144968717529 2 0 1 0 1 1 0 0 1 0.75 1.5 0.5 0 1
"436" "EPIC_0475" -0.677905354891416 0.475001271998846 3 1 0 0 1 2 0 0 2 1 1 0 0 0
"437" "EPIC_0476" -0.890478148470485 0.876043537443278 10 0 1 0 1 8 0 0 8 2.5 5 0.5 0 1
"438" "EPIC_0477" 1.30917480301562 -1.74692550675613 2 0 0 0 0 1 1 0 2 2 1.5 1.5 0 0
"439" "EPIC_0478" -0.396026046379233 0.309689389006359 1 0 0 0 0 1 0 0 1 1.5 1.5 0 0 0
"440" "EPIC_0479" 1.08448194577994 -2.08904801633323 5 0 0 0 0 2 2 1 5 3.5 2 2 1.5 0
"441" "EPIC_0481" -0.250777368564058 0.735987687062563 2 0 0 0 0 2 0 0 2 2 2 0 0 1
"442" "EPIC_0482" 0.744739793169795 0.952946457768866 3 1 1 0 2 1 0 0 1 0.5 0.75 0.5 0 0
"443" "EPIC_0483" -0.044182953623401 1.28580113406323 4 0 0 0 0 3 1 0 4 3 2.5 1.5 0 1
"444" "EPIC_0484" -0.850433118244478 0.277646290668313 3 0 0 0 0 2 0 0 2 2 2 0 0 0
"445" "EPIC_0485" 1.79282485656147 -4.23816880548362 3 0 0 0 0 1 1 1 3 2.5 1.5 1.5 1.5 1
"446" "EPIC_0486" -0.115734143561074 0.616814238810483 1 0 0 0 0 1 0 0 1 1.5 1.5 0 0 0
"447" "EPIC_0487" 0.260321587139568 -6.57754599257616 2 0 0 1 1 1 0 0 1 0.75 1.5 0 0.5 0
"448" "EPIC_0488" 0.346646352132716 1.08075129398669 1 0 0 0 0 1 0 0 1 1.5 1.5 0 0 0
"449" "EPIC_0489" 0.361833380132512 1.52840386579952 4 0 1 0 1 3 0 0 3 1.25 2.5 0.5 0 1
"450" "EPIC_0490" 1.25835883552317 -4.82208974012667 2 0 0 0 0 0 1 1 2 2 0 1.5 1.5 1
"451" "EPIC_0491" -0.600708351010032 0.836406618924806 5 0 0 0 0 5 0 0 5 3.5 3.5 0 0 1
"452" "EPIC_0492" -0.47902612667533 0.499192407952253 2 0 0 0 0 2 0 0 2 2 2 0 0 2
"453" "EPIC_0493" 1.96953188150289 -2.98875472899808 3 0 0 0 0 0 2 0 2 2 0 2 0 1
"454" "EPIC_0494" 0.527977633767232 1.9180005530052 11 1 1 0 2 8 1 0 9 1.83333333333333 2.5 0.75 0 0
"455" "EPIC_0495" -0.512913300475932 0.92718263584699 5 2 0 0 2 3 0 0 3 0.833333333333333 0.833333333333333 0 0 1
"456" "EPIC_0496" -0.774044598775944 0.64692237463407 5 1 0 0 1 4 0 0 4 1.5 1.5 0 0 2
"457" "EPIC_0497" 0.464461193795845 1.29298301950629 3 1 0 0 1 1 1 0 2 1 0.75 1.5 0 0
"458" "EPIC_0498" 0.65120958834627 1.04792055732429 4 1 0 0 1 2 1 0 3 1.25 1 1.5 0 2
"459" "EPIC_0499" -0.46783668596213 0.22830236004933 1 0 0 0 0 1 0 0 1 1.5 1.5 0 0 0
"460" "EPIC_0500" -0.0691993850395219 -5.28981291437371 3 0 0 1 1 2 0 0 2 1 2 0 0.5 2
"461" "EPIC_0501" 0.102060247531315 1.72529498805805 10 1 2 0 3 6 1 0 7 1.125 2 0.5 0 2
"462" "EPIC_0502" 0.542328805363705 -2.53389701330843 9 2 1 0 3 4 1 1 6 1 1 0.75 1.5 0
"463" "EPIC_0503" -1.03176870638381 0.55622810916876 7 2 0 0 2 5 0 0 5 1.16666666666667 1.16666666666667 0 0 0
"464" "EPIC_0504" 0.982357425410383 -1.20533788456377 8 2 0 0 2 3 3 0 6 1.33333333333333 0.833333333333333 2.5 0 4
"465" "EPIC_0505" -0.60833427775568 0.353520501677044 2 1 0 0 1 1 0 0 1 0.75 0.75 0 0 1
"466" "EPIC_0506" -0.655908599215785 0.298829125718367 2 1 0 0 1 1 0 0 1 0.75 0.75 0 0 0
"467" "EPIC_0507" -0.283050898314974 1.33135628826429 7 0 0 0 0 6 1 0 7 4.5 4 1.5 0 2
"468" "EPIC_0508" 0.594680437920296 -4.35786827471098 6 1 0 0 1 3 1 1 5 1.75 1.25 1.5 1.5 0
"469" "EPIC_0509" 0.337807703099727 -5.47651365327576 6 0 0 1 1 4 1 0 5 1.75 3 1.5 0.5 1
"470" "EPIC_0510" 1.44470825820472 -1.93759478544604 10 1 1 0 2 5 2 1 8 1.66666666666667 1.75 1 1.5 1
"471" "EPIC_0511" -0.514897190612117 0.917644016234021 5 0 0 0 0 5 0 0 5 3.5 3.5 0 0 1
"472" "EPIC_0512" 0.265405139547784 0.428766824838856 10 0 0 0 0 8 2 0 10 6 5 2 0 4
"473" "EPIC_0513" 0.345536009066427 -0.734397105995273 5 0 0 0 0 2 0 0 2 2 2 0 0 1
"474" "EPIC_0514" 0.570680488833806 1.71375182538965 4 0 1 0 1 2 1 0 3 1.25 2 0.75 0 1
"475" "EPIC_0515" -1.35651143054312 1.01166468218336 195 27 0 1 28 163 1 1 165 2.87931034482759 2.94642857142857 1.5 0.75 14
"476" "EPIC_0516" -0.0414855932895471 0.360133633660343 13 2 0 0 2 8 2 0 10 2 1.66666666666667 2 0 2
"477" "EPIC_0517" 0.572246094577022 -0.758842949248101 10 0 0 0 0 8 2 0 10 6 5 2 0 1
